6
3 3
010
001
111
4 3
000
111
100
011
1 1
1
1 1
0
3 2
00
01
10
8 60
000000100011011000110001000101000101100011010000000101100010
000000100100001011000111110000101010110111100100010110111010
000000100100111000000111001010101100100110010100110101001000
000010101110100100010001010011010101001001101011001100110000
000011100010100001100111111111001100111101001111010110100100
000100001110011001001101010001101000010000000000010011101011
000100100000011110111101000001011110110011000001000011001100
000111000010010010001100011100100100110101011111011001010001