YES
110000
001100
000011
NO
YES
11
11
YES
1100
0110
0011
1001
YES
1
1
YES
111111111111111000000000
000111111111111111000000
000000111111111111111000
000000000111111111111111
111000000000111111111111
111111000000000111111111
111111111000000000111111
111111111111000000000111
111111111111111000000000
000111111111111111000000
000000111111111111111000
000000000111111111111111
111000000000111111111111
111111000000000111111111
111111111000000000111111
111111111111000000000111
111111111111111000000000
000111111111111111000000
000000111111111111111000
000000000111111111111111
111000000000111111111111
111111000000000111111111
111111111000000000111111
111111111111000000000111
111111111111111000000000
000111111111111111000000
000000111111111111111000
000000000111111111111111
111000000000111111111111
111111000000000111111111
111111111000000000111111
111111111111000000000111
